0.999444 -0.0316708 0.0104092 0.00375322
0.0319559 0.999084 -0.0284761 -0.000205928
-0.00949787 0.0287929 0.99954 0.00302553
0 0 0 1