0.999983 -0.00359059 0.0045634 0.000982023
0.00358663 0.999993 0.000875272 0.00438508
-0.00456651 -0.000858899 0.999989 -0.00319755
0 0 0 1